%bottom plate
a3 = 27.3*2;
h3 = 2.3;
l3 = 19.5*2;
%plate walls
a4 = 2.3;
h4 = 33.3;
l4 = l3;
%core cylinder
r1 = 9;
h1 = 5; %7.3-2.3

dmain = 0.1;
dsub=0.7;

rm = 8;
hm = 5;

r2 = rm;
h2 = 29 - 7.4;

a5 = 60;
h5 = 3;
l5 = 17 * 2;

r1b = 1.5;
r2b = 3.6;
hb2 = 2.2;