function [ murBH ] = Patrick_Js( H )


mu0 = 4*3.14*1e-7;

muBH = (mu0 + ...
    0.6379329782412085 ./ (H + 12694.660751854133) + ...
    0.9159904296529379 ./ (H + 189.06831488910555) + ...
    (0.022043005965499612 .* (H + 695.5800550045278)) ./ ((H - 67.52034345927618) .^ 2 + 61.600287249369146 ^ 2) + ...
    (0.6257012153738514 .* (H - 154.74214490832856)) ./ ((H - 103.82498341871921) .^ 2 + 79.63599939394936 ^ 2));

murBH = muBH / mu0;

%%%this code is for B(H) not mu(H)!

%   mu_0 = 1.25663706e-6;
%   B = H .* (mu_0 + ...
%     0.6379329782412085 ./ (H + 12694.660751854133) + ...
%     0.9159904296529379 ./ (H + 189.06831488910555) + ...
%     (0.022043005965499612 .* (H + 695.5800550045278)) ./ ((H - 67.52034345927618) .^ 2 + 61.600287249369146 ^ 2) + ...
%     (0.6257012153738514 .* (H - 154.74214490832856)) ./ ((H - 103.82498341871921) .^ 2 + 79.63599939394936 ^ 2));

end

